101010100
011111111
111010110
101010110
010001011
010100110
101101001
001110010
011101001
011001000
101111010
110110000
100100001
101110011
110010000
100010101
101011001
011011110
100011010
001101000
100011000
010101000
101111111
010010110
010101010
011100110
010110100
011101010
001001100
110111110
111010001
101010111
000010101
111100001
101100100
001001110
010010111
110101000
001010111
110010011
100011111
001110000
011101000
101101100
001100111
110000011
001001101
001100101
110011111
100011011
001100100
010001111
100100000
001001010
001010100
000000110
110000100
110100101
110111101
011000111
100110100
001000101
000110010
100011100
101101110
011001011
110010001
001100000
001001000
110101100
010100100
111110001
110001101
100101100
111000100
010111101
011111110
100000101
000111110
101101000
111011000
110100001
010111011
010011101
100111010
100101010
100001000
100010001
000000011
101111110
000000101
111001000
101001100
000001100
010101101
010000111
001001111
011110111
100001100
110001110
010010011
100011001
000100101
001011101
111101000
111110101
001010001
111011100
100101101
000000001
000011011
000110110
110011010
111011011
110010111
100111000
111110010
111011010
111100011
001011110
001000111
000110100
101001011
110011110
111011001
110011011
000101010
011100100
101110110
101000111
000111100
010010101
110001111
000011100
111000011
100000000
111010111
010100010
010111111
110000010
101111001
110110111
100101111
111000110
011000000
011110011
010011111
000001010
001100011
110000001
001110101
000001111
011010011
100001011
101011111
001011100
101100001
111110110
011010101
100001001
001011011
110001010
011001101
110100111
100101110
001110100
001010000
000001000
000001110
100110111
011001001
000001101
110010110
100001101
000010111
101010000
100100101
111110111
111000010
010100011
110100010
110011001
101110100
011101011
000101101
110101110
111010101
111100111
001101111
000100111
010100001
111111111
110111001
111111101
101111011
101011000
100110011
001101101
010100101
111110100
010100111
001000110
110011100
101010001
100000011
111001010
111100010
111000111
001110001
110111010
101000010
000000111
100111001
110000110
001101001
110010100
000011001
101100010
111001100
011010111
100111111
111001011
111000101
110111000
011100000
110001100
001111010
110011101
000010011
001101110
000111010
010111010
100010110
011110100
111100000
111011101
110110101
011001111
110100110
011000011
001110110
000110011
000111000
101000011
010110101
110110100
111100100
010101110
011110001
011011011
010111110
001111110
100001010
100100011
111010100
110111111
101011011
100011101
101101011
101111000
111010000
001111000
000010000
011101100
000101011
110110011
011010100
111010010
110000111
101100111
110000101
000100001
010001100
000101111
001011001
011101111
000001011
111011111
111001111
000110111
111111100
101010101
001100010
110101010
010101001
000000000
010010010
000100000
010110000
001111001
011000010
110010101
101010010
100110000
001010011
011011111
111101110
011011101
001000011
001011010
100000100
101000101
101001111
000111101
100101000
011110010
000011111
101011110
010000011
000101001
111011110
010010001
011111101
011101110
001111111
110011000
101001001
100110101
111001110
100110110
111111000
100000110
110101001
011000101
111101101
110101011
111111011
011010001
000110101
101100000
010000000
011111010
101001000
010111000
101001010
001011000
010110111
011010000
001100110
011000100
000000100
010111100
110000000
111010011
100100110
111111110
010010000
110111011
010101011
001111101
110100011
110001000
111100101
011011000
010110011
110101111
000111011
110001001
100000010
101101111
101111101
011011010
000101000
101100110
101000100
010110110
111101100
111111001
011110000
111000000
111001101
010011001
101001110
100001110
111101011
010101111
010011100
101000000
110100100
100011110
011001100
100100010
000011000
101110000
000111111
000001001
000100010
100110001
011100001
100101001
100111011
011111000
010011000
001000001
101001101
010011011
010001110
101000001
111111010
010110010
000100110
101101010
101000110
000000010
011111011
001001001
001110011
001110111
010001000
111000001
010000101
011111100
001000000
111001001
011011001
010011010
100111110
011000001
000010001
110110010
001011111
110001011
101110001
111110011
010011110
100010010
100100111
011001110
111101010
110110110
011100010
111101111
010111001
101101101
000111001
010001101
011010110
001001011
011100011
001010010
101010011
010000010
010100000
101110101
011110101
110101101
110100000
100010100
100010000
100100100
000101110
010000110
101011100
010000001
101110010
100000001
000011010
101011010
101111100
111110000
000100011
010110001
000101100
011100101
011110110
000010010
111100110
100111101
110010010
000010110
100001111
110111100
000011101
010001010
000010100
011011100
001000010
001100001
100010011
011000110
100101011
001010110
011101101
111101001
010010100
001010101
101100011
101110111
010101100
010000100
000100100
100110010
100010111
100000111
011100111
101011101
011010010
001111100
000110000
010001001
101100101
011111001
011001010
001101100
000011110
100111100
001111011
001101011
001000100
110110001
001101010
000110001